Time	Base Heading	R_Eye	L_Eye	Search Heading
0.000	-1.570796	0.000000	0.000000	-0.910739
0.005	-1.569007	0.031212	0.061968	-0.910739
0.010	-1.566581	0.046719	0.155110	-0.910739
0.015	-1.563171	0.061451	0.248375	-0.910739
0.020	-1.558123	0.076177	0.341641	-0.910739
0.025	-1.550979	0.073693	0.360328	-0.910739
0.030	-1.541987	0.059094	0.326518	-0.910739
0.035	-1.531916	0.044368	0.292161	-0.910739
0.040	-1.521404	0.029642	0.257800	-0.910739
0.045	-1.510933	0.023521	0.243518	-0.910739
0.050	-1.500687	0.023458	0.243370	-0.910739
0.055	-1.490629	0.023457	0.243369	-0.910739
0.060	-1.480716	0.023457	0.243369	-0.910739
0.065	-1.470926	0.009115	0.231895	-0.910739
0.070	-1.461410	-0.015323	0.212345	-0.910739
0.075	-1.452448	-0.039866	0.192710	-0.910739
0.080	-1.444267	-0.064409	0.173075	-0.910739
0.085	-1.437293	-0.074611	0.164914	-0.910739
0.090	-1.431886	-0.074717	0.164829	-0.910739
0.095	-1.427706	-0.074718	0.164829	-0.910739
0.100	-1.424475	-0.074718	0.164829	-0.910739
0.105	-1.421977	-0.080455	0.156223	-0.910739
0.110	-1.420046	-0.090230	0.141561	-0.910739
0.115	-1.418553	-0.100047	0.126835	-0.910739
0.120	-1.417398	-0.109864	0.112109	-0.910739
0.125	-1.416506	-0.111077	0.108856	-0.910739
0.130	-1.415816	-0.106231	0.113680	-0.910739
0.135	-1.415283	-0.101323	0.118588	-0.910739
0.140	-1.414871	-0.096414	0.123497	-0.910739
0.145	-1.414552	-0.094374	0.125537	-0.910739
0.150	-1.414306	-0.094353	0.125559	-0.910739
0.155	-1.414115	-0.094353	0.125559	-0.910739
0.160	-1.413968	-0.094353	0.125559	-0.910739
0.165	-1.413854	-0.094353	0.125559	-0.910739
0.170	-1.413766	-0.094353	0.125559	-0.910739
0.175	-1.413698	-0.094353	0.125559	-0.910739
0.180	-1.413646	-0.094353	0.125559	-0.910739
0.185	-1.413605	-0.094353	0.125559	-0.910739
0.190	-1.413574	-0.094353	0.125559	-0.910739
0.195	-1.413549	-0.094353	0.125559	-0.910739
0.200	-1.413530	-0.094353	0.125559	-0.910739
0.205	-1.413516	-0.094353	0.125559	-0.910739
0.210	-1.413505	-0.094353	0.125559	-0.910739
0.215	-1.413496	-0.094353	0.125559	-0.910739
0.220	-1.413489	-0.094353	0.125559	-0.910739
0.225	-1.413484	-0.094353	0.125559	-0.910739
0.230	-1.413480	-0.094353	0.125559	-0.910739
0.235	-1.413477	-0.094353	0.125559	-0.910739
0.240	-1.413475	-0.094353	0.125559	-0.910739
0.245	-1.413473	-0.094353	0.125559	-0.910739
0.250	-1.413471	-0.094353	0.125559	-0.910739
0.255	-1.413470	-0.094353	0.125559	-0.910739
0.260	-1.413469	-0.094353	0.125559	-0.910739
0.265	-1.413469	-0.094353	0.125559	-0.910739
0.270	-1.413468	-0.094353	0.125559	-0.910739
0.275	-1.413468	-0.094353	0.125559	-0.910739
0.280	-1.413468	-0.094353	0.125559	-0.910739
0.285	-1.413467	-0.094353	0.125559	-0.910739
0.290	-1.413467	-0.094353	0.125559	-0.910739
0.295	-1.413467	-0.094353	0.125559	-0.910739
0.300	-1.413467	-0.094353	0.125559	-0.910739
0.305	-1.413467	-0.094353	0.125559	-0.910739
0.310	-1.413467	-0.094353	0.125559	-0.910739
0.315	-1.413467	-0.094353	0.125559	-0.910739
0.320	-1.413467	-0.094353	0.125559	-0.910739
0.325	-1.413467	-0.094353	0.125559	-0.910739
0.330	-1.413467	-0.094353	0.125559	-0.910739
0.335	-1.413467	-0.094353	0.125559	-0.910739
0.340	-1.413467	-0.094353	0.125559	-0.910739
0.345	-1.413467	-0.094353	0.125559	-0.910739
0.350	-1.413467	-0.094353	0.125559	-0.910739
0.355	-1.413467	-0.094353	0.125559	-0.910739
0.360	-1.413466	-0.094353	0.125559	-0.910739
0.365	-1.413466	-0.094353	0.125559	-0.910739
0.370	-1.413466	-0.094353	0.125559	-0.910739
0.375	-1.413466	-0.094353	0.125559	-0.910739
0.380	-1.413466	-0.094353	0.125559	-0.910739
0.385	-1.413466	-0.094353	0.125559	-0.910739
0.390	-1.413466	-0.094353	0.125559	-0.910739
0.395	-1.413466	-0.094353	0.125559	-0.910739
0.400	-1.413466	-0.094353	0.125559	-0.910739
0.405	-1.413466	-0.094353	0.125559	-0.910739
0.410	-1.413466	-0.094353	0.125559	-0.910739
0.415	-1.413466	-0.094353	0.125559	-0.910739
0.420	-1.413466	-0.094353	0.125559	-0.910739
0.425	-1.413444	-0.016905	0.191533	-0.910739
0.430	-1.412267	0.115058	0.303946	-0.910739
0.435	-1.408157	0.247590	0.416843	-0.910739
0.440	-1.399814	0.380126	0.529744	-0.910739
0.445	-1.386308	0.412267	0.556593	-0.910739
0.450	-1.368137	0.373739	0.522867	-0.910739
0.455	-1.346863	0.334475	0.488511	-0.910739
0.460	-1.323778	0.295205	0.454150	-0.910739
0.465	-1.299875	0.270277	0.425525	-0.910739
0.470	-1.275791	0.255445	0.400939	-0.910739
0.475	-1.251889	0.240718	0.376395	-0.910739
0.480	-1.228444	0.225992	0.351852	-0.910739
0.485	-1.205666	0.208397	0.330176	-0.910739
0.490	-1.183719	0.188783	0.310520	-0.910739
0.495	-1.162728	0.169148	0.290885	-0.910739
0.500	-1.142790	0.149513	0.271250	-0.910739
0.505	-1.123985	0.127010	0.248747	-0.910739
0.510	-1.106409	0.102488	0.224224	-0.910739
0.515	-1.090173	0.077944	0.199681	-0.910739
0.520	-1.075367	0.053400	0.175137	-0.910739
0.525	-1.062053	0.037462	0.156330	-0.910739
0.530	-1.050187	0.027581	0.141562	-0.910739
0.535	-1.039643	0.017763	0.126835	-0.910739
0.540	-1.030318	0.007945	0.112109	-0.910739
0.545	-1.022133	-0.004740	0.100251	-0.910739
0.550	-1.015397	-0.019446	0.090412	-0.910739
0.555	-1.010189	-0.034172	0.080595	-0.910739
0.560	-1.006164	-0.048898	0.070777	-0.910739
0.565	-1.003052	-0.055019	0.066697	-0.910739
0.570	-1.000646	-0.055082	0.066654	-0.910739
0.575	-0.998786	-0.055083	0.066654	-0.910739
0.580	-0.997348	-0.055083	0.066654	-0.910739
0.585	-0.996236	-0.055083	0.066654	-0.910739
0.590	-0.995377	-0.055083	0.066654	-0.910739
0.595	-0.994713	-0.055083	0.066654	-0.910739
0.600	-0.994199	-0.055083	0.066654	-0.910739
0.605	-0.993802	-0.055083	0.066654	-0.910739
0.610	-0.993495	-0.055083	0.066654	-0.910739
0.615	-0.993258	-0.055083	0.066654	-0.910739
0.620	-0.993074	-0.055083	0.066654	-0.910739
0.625	-0.992932	-0.055083	0.066654	-0.910739
0.630	-0.992823	-0.055083	0.066654	-0.910739
0.635	-0.992738	-0.055083	0.066654	-0.910739
0.640	-0.992673	-0.055083	0.066654	-0.910739
0.645	-0.992622	-0.055083	0.066654	-0.910739
0.650	-0.992583	-0.055083	0.066654	-0.910739
0.655	-0.992552	-0.055083	0.066654	-0.910739
0.660	-0.992529	-0.055083	0.066654	-0.910739
0.665	-0.992511	-0.055083	0.066654	-0.910739
0.670	-0.992497	-0.055083	0.066654	-0.910739
0.675	-0.992486	-0.055083	0.066654	-0.910739
0.680	-0.992478	-0.055083	0.066654	-0.910739
0.685	-0.992471	-0.055083	0.066654	-0.910739
0.690	-0.992466	-0.055083	0.066654	-0.910739
0.695	-0.992462	-0.055083	0.066654	-0.910739
0.700	-0.992459	-0.055083	0.066654	-0.910739
0.705	-0.992457	-0.103846	0.020759	-0.910739
0.710	-0.992846	-0.186934	-0.057442	-0.910739
0.715	-0.994988	-0.270380	-0.135979	-0.910739
0.720	-0.999797	-0.353829	-0.214519	-0.910739
0.725	-1.007913	-0.374172	-0.232822	-0.910739
0.730	-1.019030	-0.350094	-0.208723	-0.910739
0.735	-1.032130	-0.325554	-0.184183	-0.910739
0.740	-1.046371	-0.301011	-0.159639	-0.910739
0.745	-1.061106	-0.282204	-0.140832	-0.910739
0.750	-1.075909	-0.267435	-0.126063	-0.910739
0.755	-1.090522	-0.252709	-0.111337	-0.910739
0.760	-1.104755	-0.237982	-0.096611	-0.910739
0.765	-1.118456	-0.223256	-0.081884	-0.910739
0.770	-1.131510	-0.208530	-0.067158	-0.910739
0.775	-1.143829	-0.193804	-0.052432	-0.910739
0.780	-1.155343	-0.179078	-0.037706	-0.910739
0.785	-1.166002	-0.167220	-0.025848	-0.910739
0.790	-1.175803	-0.157381	-0.016009	-0.910739
0.795	-1.184781	-0.147563	-0.006192	-0.910739
0.800	-1.192966	-0.137746	0.003626	-0.910739
0.805	-1.200380	-0.127928	0.013443	-0.910739
0.810	-1.207024	-0.118111	0.023261	-0.910739
0.815	-1.212416	-0.108294	0.033078	-0.910739
0.820	-1.216584	-0.098476	0.042896	-0.910739
0.825	-1.219807	-0.091527	0.049845	-0.910739
0.830	-1.222298	-0.086597	0.054775	-0.910739
0.835	-1.224224	-0.081688	0.059684	-0.910739
0.840	-1.225713	-0.076779	0.064592	-0.910739
0.845	-1.226864	-0.074739	0.066633	-0.910739
0.850	-1.227754	-0.074718	0.066654	-0.910739
0.855	-1.228442	-0.074718	0.066654	-0.910739
0.860	-1.228974	-0.074718	0.066654	-0.910739
0.865	-1.229385	-0.074718	0.066654	-0.910739
0.870	-1.229703	-0.074718	0.066654	-0.910739
0.875	-1.229948	-0.074718	0.066654	-0.910739
0.880	-1.230138	-0.074718	0.066654	-0.910739
0.885	-1.230285	-0.074718	0.066654	-0.910739
0.890	-1.230399	-0.074718	0.066654	-0.910739
0.895	-1.230487	-0.074718	0.066654	-0.910739
0.900	-1.230554	-0.074718	0.066654	-0.910739
0.905	-1.230607	-0.074718	0.066654	-0.910739
0.910	-1.230647	-0.074718	0.066654	-0.910739
0.915	-1.230679	-0.074718	0.066654	-0.910739
0.920	-1.230703	-0.074718	0.066654	-0.910739
0.925	-1.230722	-0.074718	0.066654	-0.910739
0.930	-1.230736	-0.074718	0.066654	-0.910739
0.935	-1.230747	-0.074718	0.066654	-0.910739
0.940	-1.230756	-0.074718	0.066654	-0.910739
0.945	-1.230763	-0.074718	0.066654	-0.910739
0.950	-1.230768	-0.074718	0.066654	-0.910739
0.955	-1.230772	-0.074718	0.066654	-0.910739
0.960	-1.230775	-0.074718	0.066654	-0.910739
0.965	-1.230777	-0.074718	0.066654	-0.910739
0.970	-1.230779	-0.074718	0.066654	-0.910739
0.975	-1.230781	-0.074718	0.066654	-0.910739
0.980	-1.230782	-0.074718	0.066654	-0.910739
0.985	-1.230783	-0.074718	0.066654	-0.910739
0.990	-1.230783	-0.074718	0.066654	-0.910739
0.995	-1.230784	-0.074718	0.066654	-0.910739
1.000	-1.230784	-0.074718	0.066654	-0.910739
1.005	-1.230784	-0.074718	0.066654	-0.910739
1.010	-1.230785	-0.074718	0.066654	-0.910739
1.015	-1.230785	-0.074718	0.066654	-0.910739
1.020	-1.230785	-0.074718	0.066654	-0.910739
1.025	-1.230785	-0.074718	0.066654	-0.910739
1.030	-1.230785	-0.074718	0.066654	-0.910739
1.035	-1.230785	-0.074718	0.066654	-0.910739
1.040	-1.230785	-0.074718	0.066654	-0.910739
1.045	-1.230785	-0.074718	0.066654	-0.910739
1.050	-1.230785	-0.074718	0.066654	-0.910739
1.055	-1.230785	-0.074718	0.066654	-0.910739
1.060	-1.230785	-0.074718	0.066654	-0.910739
1.065	-1.230785	-0.074718	0.066654	-0.910739
1.070	-1.230785	-0.074718	0.066654	-0.910739
1.075	-1.230785	-0.074718	0.066654	-0.910739
1.080	-1.230785	-0.074718	0.066654	-0.910739
1.085	-1.230785	-0.074718	0.066654	-0.910739
1.090	-1.230785	-0.074718	0.066654	-0.910739
1.095	-1.230785	-0.074718	0.066654	-0.910739
1.100	-1.230785	-0.074718	0.066654	-0.910739
1.105	-1.230785	-0.074718	0.066654	-0.910739
1.110	-1.230785	-0.074718	0.066654	-0.910739
1.115	-1.230785	-0.074718	0.066654	-0.910739
1.120	-1.230785	-0.074718	0.066654	-0.910739
1.125	-1.230785	-0.074718	0.066654	-0.910739
1.130	-1.230785	-0.074718	0.066654	-0.910739
1.135	-1.230785	-0.074718	0.066654	-0.910739
1.140	-1.230785	-0.074718	0.066654	-0.910739
1.145	-1.230785	-0.074718	0.066654	-0.910739
1.150	-1.230785	-0.074718	0.066654	-0.910739
1.155	-1.230785	-0.074718	0.066654	-0.910739
1.160	-1.230785	-0.074718	0.066654	-0.910739
1.165	-1.230785	-0.074718	0.066654	-0.910739
1.170	-1.230785	-0.074718	0.066654	-0.910739
1.175	-1.230785	-0.074718	0.066654	-0.910739
1.180	-1.230785	-0.074718	0.066654	-0.910739
1.185	-1.230785	-0.074718	0.066654	-0.910739
1.190	-1.230785	-0.074718	0.066654	-0.910739
1.195	-1.230785	-0.074718	0.066654	-0.910739
1.200	-1.230785	-0.074718	0.066654	-0.910739
1.205	-1.230785	-0.074718	0.066654	-0.910739
1.210	-1.230785	-0.074718	0.066654	-0.910739
1.215	-1.230785	-0.074718	0.066654	-0.910739
1.220	-1.230785	-0.074718	0.066654	-0.910739
1.225	-1.230804	-0.149297	0.000680	-0.910739
1.230	-1.231828	-0.276373	-0.111733	-0.910739
1.235	-1.235576	-0.403996	-0.224631	-0.910739
1.240	-1.243354	-0.531623	-0.337532	-0.910739
1.245	-1.256103	-0.561724	-0.364380	-0.910739
1.250	-1.273347	-0.523175	-0.330655	-0.910739
1.255	-1.293562	-0.483910	-0.296298	-0.910739
1.260	-1.315485	-0.444640	-0.261937	-0.910739
1.265	-1.338149	-0.413976	-0.241918	-0.910739
1.270	-1.360954	-0.389368	-0.231995	-0.910739
1.275	-1.383583	-0.364824	-0.222176	-0.910739
1.280	-1.405799	-0.340280	-0.212359	-0.910739
1.285	-1.427419	-0.318605	-0.191068	-0.910739
1.290	-1.448243	-0.298949	-0.161700	-0.910739
1.295	-1.468061	-0.279314	-0.132248	-0.910739
1.300	-1.486710	-0.259679	-0.102796	-0.910739
1.305	-1.504064	-0.240044	-0.079080	-0.910739
1.310	-1.520063	-0.220409	-0.059403	-0.910739
1.315	-1.534697	-0.200774	-0.039768	-0.910739
1.320	-1.547962	-0.181139	-0.020133	-0.910739
1.325	-1.559857	-0.164373	-0.006234	-0.910739
1.330	-1.570439	-0.149625	0.003625	-0.910739
1.335	-1.579804	-0.134899	0.013443	-0.910739
1.340	-1.588032	-0.120173	0.023261	-0.910739
1.345	-1.594806	-0.108315	0.033078	-0.910739
1.350	-1.600043	-0.098476	0.042896	-0.910739
1.355	-1.604092	-0.088659	0.052713	-0.910739
1.360	-1.607222	-0.078841	0.062531	-0.910739
1.365	-1.609641	-0.074760	0.069480	-0.910739
1.370	-1.611512	-0.074718	0.074410	-0.910739
1.375	-1.612958	-0.074718	0.079318	-0.910739
1.380	-1.614076	-0.074718	0.084227	-0.910739
1.385	-1.614940	-0.074718	0.086268	-0.910739
1.390	-1.615608	-0.074718	0.086289	-0.910739
1.395	-1.616124	-0.074718	0.086289	-0.910739
1.400	-1.616524	-0.074718	0.086289	-0.910739
1.405	-1.616832	-0.071849	0.086289	-0.910739
1.410	-1.617071	-0.066962	0.086289	-0.910739
1.415	-1.617256	-0.062053	0.086289	-0.910739
1.420	-1.617398	-0.057144	0.086289	-0.910739
1.425	-1.617508	-0.055104	0.086289	-0.910739
1.430	-1.617594	-0.055083	0.086289	-0.910739
1.435	-1.617660	-0.055083	0.086289	-0.910739
1.440	-1.617710	-0.055083	0.086289	-0.910739
1.445	-1.617750	-0.055083	0.086289	-0.910739
1.450	-1.617780	-0.055083	0.086289	-0.910739
1.455	-1.617804	-0.055083	0.086289	-0.910739
1.460	-1.617822	-0.055083	0.086289	-0.910739
1.465	-1.617836	-0.055083	0.086289	-0.910739
1.470	-1.617847	-0.055083	0.086289	-0.910739
1.475	-1.617855	-0.055083	0.086289	-0.910739
1.480	-1.617862	-0.055083	0.086289	-0.910739
1.485	-1.617867	-0.055083	0.086289	-0.910739
1.490	-1.617871	-0.055083	0.086289	-0.910739
1.495	-1.617874	-0.055083	0.086289	-0.910739
1.500	-1.617876	-0.055083	0.086289	-0.910739
1.505	-1.617878	-0.055083	0.086289	-0.910739
1.510	-1.617879	-0.055083	0.086289	-0.910739
1.515	-1.617880	-0.055083	0.086289	-0.910739
1.520	-1.617881	-0.055083	0.086289	-0.910739
1.525	-1.617882	-0.055083	0.086289	-0.910739
1.530	-1.617882	-0.055083	0.086289	-0.910739
1.535	-1.617883	-0.055083	0.086289	-0.910739
1.540	-1.617883	-0.055083	0.086289	-0.910739
1.545	-1.617883	-0.055083	0.086289	-0.910739
1.550	-1.617883	-0.055083	0.086289	-0.910739
1.555	-1.617884	-0.055083	0.086289	-0.910739
1.560	-1.617884	-0.055083	0.086289	-0.910739
1.565	-1.617884	-0.055083	0.086289	-0.910739
1.570	-1.617884	-0.055083	0.086289	-0.910739
1.575	-1.617884	-0.055083	0.086289	-0.910739
1.580	-1.617884	-0.055083	0.086289	-0.910739
1.585	-1.617864	0.005154	0.146526	-0.910739
1.590	-1.616847	0.107792	0.249164	-0.910739
1.595	-1.613332	0.210873	0.352244	-0.910739
1.600	-1.606237	0.313956	0.455328	-0.910739
1.605	-1.594785	0.336724	0.478095	-0.910739
1.610	-1.579429	0.302956	0.444328	-0.910739
1.615	-1.561529	0.268599	0.409971	-0.910739
1.620	-1.542213	0.234238	0.375610	-0.910739
1.625	-1.522344	0.211351	0.349854	-0.910739
1.630	-1.502459	0.196540	0.330155	-0.910739
1.635	-1.482846	0.181813	0.310520	-0.910739
1.640	-1.463719	0.167087	0.290885	-0.910739
1.645	-1.445243	0.149492	0.271250	-0.910739
1.650	-1.427567	0.129878	0.251615	-0.910739
1.655	-1.410821	0.110244	0.231980	-0.910739
1.660	-1.395109	0.090609	0.212345	-0.910739
1.665	-1.380509	0.073842	0.195579	-0.910739
1.670	-1.367044	0.059095	0.180831	-0.910739
1.675	-1.354693	0.044368	0.166105	-0.910739
1.680	-1.343441	0.029642	0.151379	-0.910739
1.685	-1.333273	0.014916	0.139521	-0.910739
1.690	-1.324158	0.000190	0.129682	-0.910739
1.695	-1.316056	-0.014537	0.119865	-0.910739
1.700	-1.309077	-0.029263	0.110047	-0.910739
1.705	-1.303622	-0.035384	0.105967	-0.910739
1.710	-1.299405	-0.035447	0.105924	-0.910739
1.715	-1.296145	-0.035448	0.105924	-0.910739
1.720	-1.293625	-0.035448	0.105924	-0.910739
1.725	-1.291677	-0.041185	0.097319	-0.910739
1.730	-1.290171	-0.050960	0.082656	-0.910739
1.735	-1.289006	-0.060777	0.067930	-0.910739
1.740	-1.288106	-0.070594	0.053204	-0.910739
1.745	-1.287410	-0.074675	0.049951	-0.910739
1.750	-1.286872	-0.074717	0.054775	-0.910739
1.755	-1.286456	-0.074718	0.059684	-0.910739
1.760	-1.286135	-0.074718	0.064592	-0.910739
1.765	-1.285886	-0.074718	0.066633	-0.910739
1.770	-1.285694	-0.074718	0.066654	-0.910739
1.775	-1.285546	-0.074718	0.066654	-0.910739
1.780	-1.285431	-0.074718	0.066654	-0.910739
1.785	-1.285342	-0.074718	0.066654	-0.910739
1.790	-1.285273	-0.074718	0.066654	-0.910739
1.795	-1.285220	-0.074718	0.066654	-0.910739
1.800	-1.285179	-0.074718	0.066654	-0.910739
1.805	-1.285147	-0.074718	0.066654	-0.910739
1.810	-1.285123	-0.074718	0.066654	-0.910739
1.815	-1.285104	-0.074718	0.066654	-0.910739
1.820	-1.285089	-0.074718	0.066654	-0.910739
1.825	-1.285078	-0.074718	0.066654	-0.910739
1.830	-1.285069	-0.074718	0.066654	-0.910739
1.835	-1.285063	-0.074718	0.066654	-0.910739
1.840	-1.285057	-0.074718	0.066654	-0.910739
1.845	-1.285053	-0.074718	0.066654	-0.910739
1.850	-1.285050	-0.074718	0.066654	-0.910739
1.855	-1.285048	-0.074718	0.066654	-0.910739
1.860	-1.285046	-0.074718	0.066654	-0.910739
1.865	-1.285044	-0.074718	0.066654	-0.910739
1.870	-1.285043	-0.074718	0.066654	-0.910739
1.875	-1.285042	-0.074718	0.066654	-0.910739
1.880	-1.285042	-0.074718	0.066654	-0.910739
1.885	-1.285041	-0.074718	0.066654	-0.910739
1.890	-1.285041	-0.074718	0.066654	-0.910739
1.895	-1.285041	-0.074718	0.066654	-0.910739
1.900	-1.285040	-0.074718	0.066654	-0.910739
1.905	-1.285040	-0.074718	0.066654	-0.910739
1.910	-1.285040	-0.074718	0.066654	-0.910739
1.915	-1.285040	-0.074718	0.066654	-0.910739
1.920	-1.285040	-0.074718	0.066654	-0.910739
1.925	-1.285040	-0.074718	0.066654	-0.910739
