	0	1	2	3	4	5	6	7	8	9	10	11	12	13	14	15	16	17	18	19	20	21	22	23	24	25	26	27	28	29	30	31	32	33	34	35	36	37	38	39	40	41	42	43	44	45	46	47	48	49	50	51	52	53	54	55	56	57	58	59	60	61	62	63
0	1.000000	1.000000	1.000000	1.000000	1.000000	1.000000	1.000000	1.000000	1.000000	1.000000	1.000000	1.000000	1.000000	1.000000	1.000000	1.000000	1.000000	1.000000	1.000000	1.000000	1.000000	1.000000	1.000000	1.000000	1.000000	1.000000	1.000000	1.000000	1.000000	1.000000	1.000000	1.000000	1.000000	1.000000	1.000000	1.000000	1.000000	1.000000	1.000000	1.000000	1.000000	1.000000	1.000000	1.000000	1.000000	1.000000	1.000000	1.000000	1.000000	1.000000	1.000000	1.000000	1.000000	1.000000	1.000000	1.000000	1.000000	1.000000	1.000000	1.000000	1.000000	1.000000	1.000000	1.000000
1	1.000000	1.000000	1.000000	1.000000	1.000000	1.000000	1.000000	1.000000	1.000000	1.000000	1.000000	1.000000	1.000000	1.000000	1.000000	1.000000	1.000000	1.000000	1.000000	1.000000	1.000000	1.000000	1.000000	1.000000	1.000000	1.000000	1.000000	1.000000	1.000000	1.000000	1.000000	1.000000	1.000000	1.000000	1.000000	1.000000	1.000000	1.000000	1.000000	1.000000	1.000000	1.000000	1.000000	1.000000	1.000000	1.000000	1.000000	1.000000	1.000000	1.000000	1.000000	1.000000	1.000000	1.000000	1.000000	1.000000	1.000000	1.000000	1.000000	1.000000	1.000000	1.000000	1.000000	1.000000
2	1.000000	1.000000	1.000000	1.000000	1.000000	1.000000	1.000000	1.000000	1.000000	1.000000	1.000000	1.000000	1.000000	1.000000	1.000000	1.000000	1.000000	1.000000	1.000000	1.000000	1.000000	1.000000	1.000000	1.000000	1.000000	1.000000	1.000000	1.000000	1.000000	1.000000	1.000000	1.000000	1.000000	1.000000	1.000000	1.000000	1.000000	1.000000	1.000000	1.000000	1.000000	1.000000	1.000000	1.000000	1.000000	1.000000	1.000000	1.000000	1.000000	1.000000	1.000000	1.000000	1.000000	1.000000	1.000000	1.000000	1.000000	1.000000	1.000000	1.000000	1.000000	1.000000	1.000000	1.000000
3	1.000000	1.000000	1.000000	1.000000	1.000000	1.000000	1.000000	1.000000	1.000000	1.000000	1.000000	1.000000	1.000000	1.000000	1.000000	1.000000	1.000000	1.000000	1.000000	1.000000	1.000000	1.000000	1.000000	1.000000	1.000000	1.000000	1.000000	1.000000	1.000000	1.000000	1.000000	1.000000	1.000000	1.000000	1.000000	1.000000	1.000000	1.000000	1.000000	1.000000	1.000000	1.000000	1.000000	1.000000	1.000000	1.000000	1.000000	1.000000	1.000000	1.000000	1.000000	1.000000	1.000000	1.000000	1.000000	1.000000	1.000000	1.000000	1.000000	1.000000	1.000000	1.000000	1.000000	1.000000
4	1.000000	1.000000	1.000000	1.000000	1.000000	1.000000	1.000000	1.000000	1.000000	1.000000	1.000000	1.000000	1.000000	1.000000	1.000000	1.000000	1.000000	1.000000	1.000000	1.000000	1.000000	1.000000	1.000000	1.000000	1.000000	1.000000	1.000000	1.000000	1.000000	1.000000	1.000000	1.000000	1.000000	1.000000	1.000000	1.000000	1.000000	1.000000	1.000000	1.000000	1.000000	1.000000	1.000000	1.000000	1.000000	1.000000	1.000000	1.000000	1.000000	1.000000	1.000000	1.000000	1.000000	1.000000	1.000000	1.000000	1.000000	1.000000	1.000000	1.000000	1.000000	1.000000	1.000000	1.000000
5	1.000000	1.000000	1.000000	1.000000	1.000000	1.000000	1.000000	1.000000	1.000000	1.000000	1.000000	1.000000	1.000000	1.000000	1.000000	1.000000	1.000000	1.000000	1.000000	1.000000	1.000000	1.000000	1.000000	1.000000	1.000000	1.000000	1.000000	1.000000	1.000000	1.000000	1.000000	1.000000	1.000000	1.000000	1.000000	1.000000	1.000000	1.000000	1.000000	1.000000	1.000000	1.000000	1.000000	1.000000	1.000000	1.000000	1.000000	1.000000	1.000000	1.000000	1.000000	1.000000	1.000000	1.000000	1.000000	1.000000	1.000000	1.000000	1.000000	1.000000	1.000000	1.000000	1.000000	1.000000
6	1.000000	1.000000	1.000000	1.000000	1.000000	1.000000	0.989655	0.979299	0.969039	0.959212	0.950475	0.943779	0.940099	0.939869	0.942519	0.946934	0.952017	0.956959	0.961266	0.964685	0.967110	0.968511	0.968888	0.968244	0.966578	0.963892	0.960214	0.955642	0.950410	0.944979	0.940108	0.936828	0.936171	0.938625	0.943682	0.950290	0.957395	0.964205	0.970225	0.975181	0.978935	0.981424	0.982613	0.982479	0.981011	0.978212	0.974139	0.968940	0.962935	0.956709	0.951186	0.947598	0.947187	0.950607	0.957432	0.966643	0.977236	0.988494	1.000000	1.000000	1.000000	1.000000	1.000000	1.000000
7	1.000000	1.000000	1.000000	1.000000	1.000000	1.000000	0.979320	0.958504	0.937646	0.917334	0.898907	0.884541	0.876749	0.876858	0.883272	0.893200	0.904176	0.914552	0.923419	0.930363	0.935244	0.938048	0.938798	0.937509	0.934174	0.928776	0.921324	0.911944	0.901019	0.889396	0.878626	0.871034	0.869233	0.874645	0.885813	0.900085	0.915084	0.929201	0.941515	0.951563	0.959137	0.964147	0.966547	0.966295	0.963350	0.957700	0.949403	0.938685	0.926092	0.912715	0.900438	0.892018	0.890543	0.897811	0.912476	0.931905	0.953806	0.976740	1.000000	1.000000	1.000000	1.000000	1.000000	1.000000
8	1.000000	1.000000	1.000000	1.000000	1.000000	1.000000	0.969122	0.937749	0.905707	0.873572	0.843279	0.818730	0.805499	0.807543	0.820510	0.838418	0.856934	0.873654	0.887497	0.898105	0.905455	0.909638	0.910746	0.908820	0.903836	0.895712	0.884361	0.869792	0.852324	0.832961	0.813967	0.799448	0.795081	0.804909	0.824842	0.849150	0.873655	0.896001	0.915071	0.930419	0.941901	0.949482	0.953135	0.952801	0.948397	0.939834	0.927087	0.910305	0.890033	0.867621	0.845834	0.829492	0.825156	0.837618	0.862756	0.894697	0.929342	0.964662	1.000000	1.000000	1.000000	1.000000	1.000000	1.000000
9	1.000000	1.000000	1.000000	1.000000	1.000000	1.000000	0.959418	0.917664	0.873860	0.827966	0.781909	0.741601	0.718973	0.727304	0.752807	0.783029	0.811487	0.835634	0.854809	0.869104	0.878832	0.884302	0.885727	0.883190	0.876637	0.865877	0.850616	0.830539	0.805525	0.776159	0.744830	0.717711	0.706735	0.725068	0.759494	0.798020	0.834385	0.866076	0.892350	0.913140	0.928567	0.938744	0.943708	0.943380	0.937601	0.926151	0.908808	0.885414	0.856114	0.821900	0.785786	0.754960	0.742970	0.764750	0.806232	0.854783	0.904205	0.952564	1.000000	1.000000	1.000000	1.000000	1.000000	1.000000
10	1.000000	1.000000	1.000000	1.000000	1.000000	1.000000	0.950886	0.899628	0.844103	0.782526	0.714787	0.646792	0.601487	0.629892	0.680388	0.729402	0.770352	0.802586	0.827001	0.844671	0.856469	0.863012	0.864670	0.861577	0.853644	0.840542	0.821687	0.796222	0.763078	0.721319	0.671484	0.619832	0.589079	0.629133	0.690048	0.749051	0.799788	0.841568	0.875112	0.901225	0.920482	0.933221	0.939572	0.939409	0.932476	0.918362	0.896580	0.866428	0.827109	0.778082	0.720448	0.661593	0.627015	0.672179	0.742639	0.813999	0.880130	0.941390	1.000000	1.000000	1.000000	1.000000	1.000000	1.000000
11	1.000000	1.000000	1.000000	1.000000	1.000000	1.000000	0.944499	0.885859	0.820397	0.743247	0.647923	0.529293	0.410292	0.510389	0.609449	0.683840	0.737935	0.777354	0.805941	0.826108	0.839359	0.846608	0.848363	0.844805	0.835819	0.820960	0.799367	0.769586	0.729245	0.674555	0.599955	0.501053	0.400617	0.512335	0.622514	0.708349	0.774148	0.825296	0.865306	0.896166	0.918913	0.934087	0.941951	0.942207	0.934533	0.918241	0.892724	0.856607	0.807814	0.742869	0.656331	0.543948	0.431318	0.554311	0.678147	0.778445	0.860926	0.932865	1.000000	1.000000	1.000000	1.000000	1.000000	1.000000
12	1.000000	1.000000	1.000000	1.000000	1.000000	1.000000	0.941252	0.878911	0.808380	0.722141	0.604367	0.412164	0.000000	0.391922	0.563181	0.658573	0.720193	0.762956	0.793298	0.814463	0.828251	0.835699	0.837367	0.833462	0.823868	0.808112	0.785236	0.753508	0.709763	0.647699	0.552730	0.383808	0.000000	0.397078	0.579323	0.687684	0.763159	0.820163	0.864649	0.899221	0.924918	0.942261	0.951939	0.952936	0.945208	0.927345	0.899465	0.859465	0.804669	0.729250	0.618060	0.426550	0.000000	0.435599	0.637193	0.760708	0.852264	0.929144	1.000000	1.000000	1.000000	1.000000	1.000000	1.000000
13	1.000000	1.000000	1.000000	1.000000	1.000000	1.000000	0.941599	0.880152	0.812070	0.732570	0.635239	0.514995	0.394800	0.494118	0.592778	0.667079	0.721307	0.760979	0.789834	0.810193	0.823483	0.830571	0.831946	0.827806	0.818078	0.802385	0.779958	0.749446	0.708599	0.653749	0.579458	0.481448	0.382590	0.496655	0.610014	0.699905	0.770641	0.827546	0.873907	0.911151	0.939276	0.958101	0.970607	0.972390	0.966016	0.946468	0.918327	0.877117	0.822147	0.751402	0.660109	0.544191	0.429204	0.550891	0.674317	0.774931	0.858276	0.931448	1.000000	1.000000	1.000000	1.000000	1.000000	1.000000
14	1.000000	1.000000	1.000000	1.000000	1.000000	1.000000	0.944990	0.888028	0.827179	0.760831	0.689025	0.617775	0.570088	0.596972	0.646734	0.695659	0.736977	0.769818	0.794866	0.812992	0.824916	0.831154	0.832040	0.827740	0.818253	0.803394	0.782762	0.755721	0.721440	0.679238	0.629905	0.579936	0.552255	0.596939	0.664174	0.731281	0.791956	0.845473	0.892281	0.932200	0.962934	0.980259	1.000000	1.000000	1.000000	0.974182	0.950260	0.908529	0.855401	0.794103	0.726783	0.660901	0.621734	0.664444	0.734254	0.806422	0.874463	0.938371	1.000000	1.000000	1.000000	1.000000	1.000000	1.000000
15	1.000000	1.000000	1.000000	1.000000	1.000000	1.000000	0.950334	0.899792	0.847786	0.794551	0.742254	0.696995	0.670803	0.676950	0.701527	0.731847	0.761122	0.786452	0.806819	0.821995	0.832036	0.837091	0.837320	0.832859	0.823799	0.810174	0.791978	0.769235	0.742201	0.711858	0.680989	0.656137	0.649556	0.674670	0.718461	0.769088	0.820427	0.870111	0.917543	0.962436	1.000000	1.000000	1.000000	1.000000	1.000000	1.000000	1.000000	0.951338	0.896824	0.842825	0.792020	0.750894	0.732388	0.750896	0.791833	0.842041	0.894782	0.947574	1.000000	1.000000	1.000000	1.000000	1.000000	1.000000
16	1.000000	1.000000	1.000000	1.000000	1.000000	1.000000	0.956555	0.913020	0.869622	0.827333	0.788445	0.757147	0.739178	0.738498	0.750575	0.769080	0.789214	0.808047	0.823965	0.836131	0.844141	0.847853	0.847289	0.842578	0.833911	0.821525	0.805739	0.787039	0.766272	0.745003	0.726056	0.714068	0.715162	0.733726	0.765914	0.806182	0.850553	0.897001	0.945345	1.000000	1.000000	1.000000	1.000000	1.000000	1.000000	1.000000	1.000000	1.000000	0.937733	0.888354	0.847577	0.818269	0.806028	0.814919	0.840142	0.875127	0.915051	0.957143	1.000000	1.000000	1.000000	1.000000	1.000000	1.000000
17	1.000000	1.000000	1.000000	1.000000	1.000000	1.000000	0.962866	0.926109	0.890351	0.856712	0.827047	0.803969	0.790264	0.787290	0.793196	0.804684	0.818608	0.832556	0.844862	0.854422	0.860545	0.862892	0.861406	0.856255	0.847740	0.836276	0.822416	0.806911	0.790846	0.775824	0.764165	0.758916	0.763297	0.779157	0.805286	0.839175	0.878601	0.921996	0.966835	1.000000	1.000000	1.000000	1.000000	1.000000	1.000000	1.000000	1.000000	1.000000	0.965753	0.925279	0.891665	0.868578	0.858534	0.862611	0.878687	0.903273	0.933153	0.965946	1.000000	1.000000	1.000000	1.000000	1.000000	1.000000
18	1.000000	1.000000	1.000000	1.000000	1.000000	1.000000	0.968799	0.938200	0.908960	0.882119	0.859063	0.841417	0.830620	0.827202	0.830234	0.837854	0.847975	0.858709	0.868505	0.876151	0.880725	0.881763	0.879188	0.873294	0.864517	0.853425	0.840736	0.827343	0.814376	0.803284	0.795862	0.794134	0.799953	0.814319	0.836897	0.866632	0.902680	0.945546	1.000000	1.000000	1.000000	1.000000	1.000000	1.000000	1.000000	1.000000	1.000000	1.000000	1.000000	0.955346	0.925227	0.905843	0.896919	0.898305	0.908724	0.926123	0.948342	0.973489	1.000000	1.000000	1.000000	1.000000	1.000000	1.000000
19	1.000000	1.000000	1.000000	1.000000	1.000000	1.000000	0.974129	0.948933	0.925171	0.903739	0.885669	0.872015	0.863597	0.860663	0.862684	0.868522	0.876731	0.885798	0.894300	0.900950	0.904442	0.904248	0.900289	0.893218	0.883608	0.872172	0.859761	0.847347	0.836033	0.827075	0.821865	0.821804	0.828064	0.841270	0.861352	0.887774	0.919943	0.957507	1.000000	1.000000	1.000000	1.000000	1.000000	1.000000	1.000000	1.000000	1.000000	1.000000	1.000000	0.970876	0.948056	0.932647	0.924993	0.924965	0.931780	0.944155	0.960603	0.979668	1.000000	1.000000	1.000000	1.000000	1.000000	1.000000
20	1.000000	1.000000	1.000000	1.000000	1.000000	1.000000	0.978784	0.958233	0.939051	0.921996	0.907860	0.897379	0.891091	0.889168	0.891318	0.896821	0.904627	0.913453	0.921945	0.928907	0.931845	0.930497	0.924503	0.915679	0.904526	0.891892	0.878790	0.866252	0.855331	0.847119	0.842718	0.843155	0.849227	0.861345	0.879466	0.903170	0.931809	0.964540	1.000000	1.000000	1.000000	1.000000	1.000000	1.000000	1.000000	1.000000	1.000000	1.000000	1.000000	0.980101	0.963473	0.951697	0.945443	0.944781	0.949278	0.958111	0.970248	0.984580	1.000000	1.000000	1.000000	1.000000	1.000000	1.000000
21	1.000000	1.000000	1.000000	1.000000	1.000000	1.000000	0.982774	0.966164	0.950804	0.937335	0.926394	0.918548	0.914220	0.913600	0.916598	0.922816	0.931503	0.941443	0.951120	0.960890	0.963532	0.961394	0.951546	0.940469	0.926925	0.912082	0.897255	0.883540	0.871922	0.863351	0.858734	0.858870	0.864343	0.875419	0.891996	0.913629	0.939585	0.968844	1.000000	1.000000	1.000000	1.000000	1.000000	1.000000	1.000000	1.000000	1.000000	1.000000	1.000000	0.986056	0.974038	0.965227	0.960298	0.959440	0.962437	0.968765	0.977699	0.988403	1.000000	1.000000	1.000000	1.000000	1.000000	1.000000
22	1.000000	1.000000	1.000000	1.000000	1.000000	1.000000	0.986146	0.972848	0.960664	0.950148	0.941834	0.936201	0.933639	0.934415	0.938658	0.946342	0.957128	0.969694	0.980203	1.000000	1.000000	1.000000	0.979818	0.967728	0.950622	0.932255	0.914607	0.898730	0.885467	0.875628	0.869996	0.869248	0.873857	0.883992	0.899470	0.919767	0.944057	0.971250	1.000000	1.000000	1.000000	1.000000	1.000000	1.000000	1.000000	1.000000	1.000000	1.000000	1.000000	0.990084	0.981396	0.974873	0.971083	0.970244	0.972266	0.976814	0.983378	0.991334	1.000000	1.000000	1.000000	1.000000	1.000000	1.000000
23	1.000000	1.000000	1.000000	1.000000	1.000000	1.000000	0.988962	0.978417	0.968855	0.960759	0.954592	0.950783	0.949721	0.951762	0.957277	0.966766	0.980973	1.000000	1.000000	1.000000	1.000000	1.000000	1.000000	1.000000	0.975583	0.951708	0.930187	0.911308	0.895586	0.883699	0.876374	0.874271	0.877844	0.887221	0.902126	0.921912	0.945625	0.972098	1.000000	1.000000	1.000000	1.000000	1.000000	1.000000	1.000000	1.000000	1.000000	1.000000	1.000000	0.992884	0.986590	0.981786	0.978918	0.978187	0.979568	0.982847	0.987664	0.993556	1.000000	1.000000	1.000000	1.000000	1.000000	1.000000
24	1.000000	1.000000	1.000000	1.000000	1.000000	1.000000	0.991285	0.983002	0.975581	0.969442	0.964991	0.962618	0.962701	0.965636	0.971922	0.982471	1.000000	1.000000	1.000000	1.000000	1.000000	1.000000	1.000000	1.000000	1.000000	0.968807	0.943125	0.920730	0.901870	0.887208	0.877531	0.873616	0.876029	0.884920	0.899903	0.920127	0.944435	0.971518	1.000000	1.000000	1.000000	1.000000	1.000000	1.000000	1.000000	1.000000	1.000000	1.000000	1.000000	0.994863	0.990292	0.986764	0.984616	0.984017	0.984972	0.987343	0.990875	0.995226	1.000000	1.000000	1.000000	1.000000	1.000000	1.000000
25	1.000000	1.000000	1.000000	1.000000	1.000000	1.000000	0.993175	0.986726	0.981025	0.976436	0.973312	0.971996	0.972829	0.976158	0.982306	0.991194	1.000000	1.000000	1.000000	1.000000	1.000000	1.000000	1.000000	1.000000	1.000000	0.980396	0.952776	0.926618	0.903955	0.885730	0.872928	0.866633	0.867736	0.876526	0.892440	0.914259	0.940471	0.969538	1.000000	1.000000	1.000000	1.000000	1.000000	1.000000	1.000000	1.000000	1.000000	1.000000	1.000000	0.996277	0.992950	0.990363	0.988765	0.988291	0.988960	0.990679	0.993267	0.996474	1.000000	1.000000	1.000000	1.000000	1.000000	1.000000
26	1.000000	1.000000	1.000000	1.000000	1.000000	1.000000	0.994689	0.989702	0.985357	0.981965	0.979824	0.979225	0.980461	0.983863	0.989948	1.000000	1.000000	1.000000	1.000000	1.000000	1.000000	1.000000	1.000000	1.000000	1.000000	1.000000	0.960965	0.929009	0.901605	0.878829	0.861817	0.852251	0.851756	0.861009	0.879072	0.903997	0.933652	0.966164	1.000000	1.000000	1.000000	1.000000	1.000000	1.000000	1.000000	1.000000	1.000000	1.000000	1.000000	0.997294	0.994870	0.992974	0.991790	0.991424	0.991896	0.993145	0.995042	0.997401	1.000000	1.000000	1.000000	1.000000	1.000000	1.000000
27	1.000000	1.000000	1.000000	1.000000	1.000000	1.000000	0.995881	0.992036	0.988737	0.986242	0.984795	0.984621	0.985925	0.988885	0.993623	1.000000	1.000000	1.000000	1.000000	1.000000	1.000000	1.000000	1.000000	1.000000	1.000000	1.000000	0.962074	0.926849	0.894625	0.866164	0.843262	0.828797	0.826028	0.836683	0.858841	0.889005	0.923975	0.961465	1.000000	1.000000	1.000000	1.000000	1.000000	1.000000	1.000000	1.000000	1.000000	1.000000	1.000000	0.998029	0.996260	0.994871	0.993998	0.993720	0.994055	0.994965	0.996354	0.998087	1.000000	1.000000	1.000000	1.000000	1.000000	1.000000
28	1.000000	1.000000	1.000000	1.000000	1.000000	1.000000	0.996796	0.993825	0.991313	0.989471	0.988492	0.988539	0.989733	0.992129	0.995660	1.000000	1.000000	1.000000	1.000000	1.000000	1.000000	1.000000	1.000000	1.000000	1.000000	1.000000	0.960484	0.921687	0.883884	0.847939	0.816269	0.793647	0.786875	0.800856	0.830602	0.869209	0.911777	0.955722	1.000000	1.000000	1.000000	1.000000	1.000000	1.000000	1.000000	1.000000	1.000000	1.000000	1.000000	0.998563	0.997270	0.996253	0.995610	0.995401	0.995641	0.996304	0.997321	0.998594	1.000000	1.000000	1.000000	1.000000	1.000000	1.000000
29	1.000000	1.000000	1.000000	1.000000	1.000000	1.000000	0.997480	0.995156	0.993217	0.991838	0.991164	0.991311	0.992339	0.994238	0.996886	1.000000	1.000000	1.000000	1.000000	1.000000	1.000000	1.000000	1.000000	1.000000	1.000000	1.000000	0.958176	0.915529	0.871285	0.825440	0.780228	0.742647	0.726969	0.749265	0.793501	0.845453	0.898202	0.949645	1.000000	1.000000	1.000000	1.000000	1.000000	1.000000	1.000000	1.000000	1.000000	1.000000	1.000000	0.998950	0.998006	0.997261	0.996788	0.996632	0.996805	0.997289	0.998034	0.998968	1.000000	1.000000	1.000000	1.000000	1.000000	1.000000
30	1.000000	1.000000	1.000000	1.000000	1.000000	1.000000	0.997966	0.996101	0.994564	0.993497	0.993017	0.993200	0.994074	0.995598	0.997647	1.000000	1.000000	1.000000	1.000000	1.000000	1.000000	1.000000	1.000000	1.000000	1.000000	1.000000	0.956691	0.910969	0.860286	0.802306	0.736558	0.669743	0.629090	0.675733	0.748685	0.820898	0.885933	0.944657	1.000000	1.000000	1.000000	1.000000	1.000000	1.000000	1.000000	1.000000	1.000000	1.000000	1.000000	0.999233	0.998543	0.997997	0.997650	0.997534	0.997659	0.998012	0.998558	0.999242	1.000000	1.000000	1.000000	1.000000	1.000000	1.000000
31	1.000000	1.000000	1.000000	1.000000	1.000000	1.000000	0.998284	0.996718	0.995439	0.994571	0.994206	0.994399	0.995158	0.996432	0.998105	1.000000	1.000000	1.000000	1.000000	1.000000	1.000000	1.000000	1.000000	1.000000	1.000000	1.000000	0.957619	0.911370	0.856585	0.786941	0.693955	0.570676	0.443914	0.575892	0.704607	0.803521	0.879976	0.943051	1.000000	1.000000	1.000000	1.000000	1.000000	1.000000	1.000000	1.000000	1.000000	1.000000	1.000000	0.999439	0.998934	0.998535	0.998280	0.998194	0.998285	0.998543	0.998942	0.999444	1.000000	1.000000	1.000000	1.000000	1.000000	1.000000
32	1.000000	1.000000	1.000000	1.000000	1.000000	1.000000	0.998454	0.997046	0.995905	0.995142	0.994836	0.995032	0.995727	0.996866	0.998342	1.000000	1.000000	1.000000	1.000000	1.000000	1.000000	1.000000	1.000000	1.000000	1.000000	1.000000	0.962416	0.920307	0.867742	0.794917	0.681646	0.475091	0.000000	0.479314	0.690331	0.808604	0.887399	0.947570	1.000000	1.000000	1.000000	1.000000	1.000000	1.000000	1.000000	1.000000	1.000000	1.000000	1.000000	0.999590	0.999220	0.998928	0.998741	0.998677	0.998744	0.998932	0.999225	0.999593	1.000000	1.000000	1.000000	1.000000	1.000000	1.000000
33	1.000000	1.000000	1.000000	1.000000	1.000000	1.000000	0.998484	0.997106	0.995994	0.995254	0.994965	0.995167	0.995852	0.996964	0.998396	1.000000	1.000000	1.000000	1.000000	1.000000	1.000000	1.000000	1.000000	1.000000	1.000000	1.000000	0.971737	0.939700	0.899159	0.843340	0.762621	0.648044	0.523928	0.651032	0.768800	0.853164	0.913446	0.959830	1.000000	1.000000	1.000000	1.000000	1.000000	1.000000	1.000000	1.000000	1.000000	1.000000	1.000000	0.999700	0.999430	0.999215	0.999078	0.999032	0.999080	0.999218	0.999432	0.999701	1.000000	1.000000	1.000000	1.000000	1.000000	1.000000
34	1.000000	1.000000	1.000000	1.000000	1.000000	1.000000	0.998377	0.996902	0.995709	0.994916	0.994604	0.994818	0.995551	0.996742	0.998279	1.000000	1.000000	1.000000	1.000000	1.000000	1.000000	1.000000	1.000000	1.000000	1.000000	1.000000	0.984834	0.967597	0.945855	0.916662	0.877454	0.830534	0.796637	0.832085	0.880673	0.921807	0.953389	0.978305	1.000000	1.000000	1.000000	1.000000	1.000000	1.000000	1.000000	1.000000	1.000000	1.000000	1.000000	0.999780	0.999582	0.999426	0.999325	0.999291	0.999326	0.999427	0.999584	0.999781	1.000000	1.000000	1.000000	1.000000	1.000000	1.000000
35	1.000000	1.000000	1.000000	1.000000	1.000000	1.000000	0.998124	0.996414	0.995027	0.994095	0.993717	0.993950	0.994791	0.996176	0.997975	1.000000	1.000000	1.000000	1.000000	1.000000	1.000000	1.000000	1.000000	1.000000	1.000000	1.000000	1.000000	1.000000	1.000000	1.000000	1.000000	1.000000	1.000000	1.000000	1.000000	1.000000	1.000000	1.000000	1.000000	1.000000	1.000000	1.000000	1.000000	1.000000	1.000000	1.000000	1.000000	1.000000	1.000000	0.999839	0.999694	0.999580	0.999506	0.999481	0.999506	0.999580	0.999695	0.999840	1.000000	1.000000	1.000000	1.000000	1.000000	1.000000
36	1.000000	1.000000	1.000000	1.000000	1.000000	1.000000	0.997703	0.995604	0.993888	0.992719	0.992221	0.992473	0.993486	0.995196	0.997447	1.000000	1.000000	1.000000	1.000000	1.000000	1.000000	1.000000	1.000000	1.000000	1.000000	1.000000	1.000000	1.000000	1.000000	1.000000	1.000000	1.000000	1.000000	1.000000	1.000000	1.000000	1.000000	1.000000	1.000000	1.000000	1.000000	1.000000	1.000000	1.000000	1.000000	1.000000	1.000000	1.000000	1.000000	0.999882	0.999776	0.999692	0.999638	0.999620	0.999638	0.999693	0.999777	0.999883	1.000000	1.000000	1.000000	1.000000	1.000000	1.000000
37	1.000000	1.000000	1.000000	1.000000	1.000000	1.000000	0.997085	0.994410	0.992204	0.990671	0.989976	0.990235	0.991485	0.993673	0.996618	1.000000	1.000000	1.000000	1.000000	1.000000	1.000000	1.000000	1.000000	1.000000	1.000000	1.000000	1.000000	1.000000	1.000000	1.000000	1.000000	1.000000	1.000000	1.000000	1.000000	1.000000	1.000000	1.000000	1.000000	1.000000	1.000000	1.000000	1.000000	1.000000	1.000000	1.000000	1.000000	1.000000	1.000000	0.999914	0.999836	0.999775	0.999735	0.999722	0.999735	0.999775	0.999836	0.999914	1.000000	1.000000	1.000000	1.000000	1.000000	1.000000
38	1.000000	1.000000	1.000000	1.000000	1.000000	1.000000	0.996227	0.992749	0.989847	0.987783	0.986779	0.987004	0.988548	0.991392	0.995351	1.000000	1.000000	1.000000	1.000000	1.000000	1.000000	1.000000	1.000000	1.000000	1.000000	1.000000	1.000000	1.000000	1.000000	1.000000	1.000000	1.000000	1.000000	1.000000	1.000000	1.000000	1.000000	1.000000	1.000000	1.000000	1.000000	1.000000	1.000000	1.000000	1.000000	1.000000	1.000000	1.000000	1.000000	0.999937	0.999880	0.999835	0.999806	0.999796	0.999806	0.999835	0.999880	0.999937	1.000000	1.000000	1.000000	1.000000	1.000000	1.000000
39	1.000000	1.000000	1.000000	1.000000	1.000000	1.000000	0.995075	0.990509	0.986653	0.983835	0.982353	0.982453	0.984311	0.987998	0.993393	1.000000	1.000000	1.000000	1.000000	1.000000	1.000000	1.000000	1.000000	1.000000	1.000000	1.000000	1.000000	1.000000	1.000000	1.000000	1.000000	1.000000	1.000000	1.000000	1.000000	1.000000	1.000000	1.000000	1.000000	1.000000	1.000000	1.000000	1.000000	1.000000	1.000000	1.000000	1.000000	1.000000	1.000000	0.999954	0.999912	0.999879	0.999858	0.999851	0.999858	0.999879	0.999912	0.999954	1.000000	1.000000	1.000000	1.000000	1.000000	1.000000
40	1.000000	1.000000	1.000000	1.000000	1.000000	1.000000	0.993563	0.987561	0.982420	0.978553	0.976345	0.976143	0.978247	0.982894	0.990225	1.000000	1.000000	1.000000	1.000000	1.000000	1.000000	1.000000	1.000000	1.000000	1.000000	1.000000	1.000000	1.000000	1.000000	1.000000	1.000000	1.000000	1.000000	1.000000	1.000000	1.000000	1.000000	1.000000	1.000000	1.000000	1.000000	1.000000	1.000000	1.000000	1.000000	1.000000	1.000000	1.000000	1.000000	0.999966	0.999936	0.999912	0.999896	0.999891	0.999896	0.999912	0.999936	0.999966	1.000000	1.000000	1.000000	1.000000	1.000000	1.000000
41	1.000000	1.000000	1.000000	1.000000	1.000000	1.000000	0.991618	0.983751	0.976913	0.971610	0.968329	0.967529	0.969638	0.975106	0.984613	1.000000	1.000000	1.000000	1.000000	1.000000	1.000000	1.000000	1.000000	1.000000	1.000000	1.000000	1.000000	1.000000	1.000000	1.000000	1.000000	1.000000	1.000000	1.000000	1.000000	1.000000	1.000000	1.000000	1.000000	1.000000	1.000000	1.000000	1.000000	1.000000	1.000000	1.000000	1.000000	1.000000	1.000000	0.999975	0.999953	0.999935	0.999924	0.999920	0.999924	0.999935	0.999953	0.999975	1.000000	1.000000	1.000000	1.000000	1.000000	1.000000
42	1.000000	1.000000	1.000000	1.000000	1.000000	1.000000	0.989156	0.978912	0.969872	0.962646	0.957834	0.956004	0.957672	0.963277	0.973123	0.986847	1.000000	1.000000	1.000000	1.000000	1.000000	1.000000	1.000000	1.000000	1.000000	1.000000	1.000000	1.000000	1.000000	1.000000	1.000000	1.000000	1.000000	1.000000	1.000000	1.000000	1.000000	1.000000	1.000000	1.000000	1.000000	1.000000	1.000000	1.000000	1.000000	1.000000	1.000000	1.000000	1.000000	0.999982	0.999966	0.999953	0.999944	0.999941	0.999944	0.999953	0.999966	0.999982	1.000000	1.000000	1.000000	1.000000	1.000000	1.000000
43	1.000000	1.000000	1.000000	1.000000	1.000000	1.000000	0.986095	0.972868	0.961018	0.951268	0.944355	0.940983	0.941768	0.947207	0.957756	0.974264	1.000000	1.000000	1.000000	1.000000	1.000000	1.000000	1.000000	1.000000	1.000000	1.000000	1.000000	1.000000	1.000000	1.000000	1.000000	1.000000	1.000000	1.000000	1.000000	1.000000	1.000000	1.000000	1.000000	1.000000	1.000000	1.000000	1.000000	1.000000	1.000000	1.000000	1.000000	1.000000	1.000000	0.999987	0.999975	0.999965	0.999959	0.999957	0.999959	0.999965	0.999975	0.999987	1.000000	1.000000	1.000000	1.000000	1.000000	1.000000
44	1.000000	1.000000	1.000000	1.000000	1.000000	1.000000	0.982355	0.965448	0.950063	0.937054	0.927336	0.921804	0.921210	0.926027	0.936429	0.952452	0.974155	1.000000	1.000000	1.000000	1.000000	1.000000	1.000000	1.000000	1.000000	1.000000	1.000000	1.000000	1.000000	1.000000	1.000000	1.000000	1.000000	1.000000	1.000000	1.000000	1.000000	1.000000	1.000000	1.000000	1.000000	1.000000	1.000000	1.000000	1.000000	1.000000	1.000000	1.000000	1.000000	0.999990	0.999982	0.999975	0.999970	0.999969	0.999970	0.999975	0.999982	0.999990	1.000000	1.000000	1.000000	1.000000	1.000000	1.000000
45	1.000000	1.000000	1.000000	1.000000	1.000000	1.000000	0.977878	0.956507	0.936730	0.919550	0.906130	0.897688	0.895241	0.899264	0.909479	0.924963	0.944167	0.964153	0.978929	1.000000	1.000000	1.000000	1.000000	1.000000	1.000000	1.000000	1.000000	1.000000	1.000000	1.000000	1.000000	1.000000	1.000000	1.000000	1.000000	1.000000	1.000000	1.000000	1.000000	1.000000	1.000000	1.000000	1.000000	1.000000	1.000000	1.000000	1.000000	1.000000	1.000000	0.999993	0.999986	0.999981	0.999978	0.999977	0.999978	0.999981	0.999986	0.999993	1.000000	1.000000	1.000000	1.000000	1.000000	1.000000
46	1.000000	1.000000	1.000000	1.000000	1.000000	1.000000	0.972650	0.945971	0.920801	0.898285	0.879946	0.867577	0.862801	0.866309	0.877260	0.893753	0.913397	0.933516	0.951561	0.968025	0.976900	0.982601	0.986639	0.989642	0.991931	0.993698	0.995071	0.996144	0.996984	0.997645	0.998166	0.998579	0.998908	0.999173	0.999390	0.999571	0.999727	0.999868	1.000000	1.000000	1.000000	1.000000	1.000000	1.000000	1.000000	1.000000	1.000000	1.000000	1.000000	0.999995	0.999990	0.999986	0.999984	0.999983	0.999984	0.999986	0.999990	0.999995	1.000000	1.000000	1.000000	1.000000	1.000000	1.000000
47	1.000000	1.000000	1.000000	1.000000	1.000000	1.000000	0.966749	0.933927	0.902218	0.872842	0.847793	0.829873	0.822078	0.825911	0.839500	0.859391	0.882151	0.904954	0.925776	0.943640	0.956973	0.966864	0.974312	0.979999	0.984385	0.987789	0.990444	0.992520	0.994149	0.995429	0.996440	0.997241	0.997880	0.998395	0.998816	0.999167	0.999471	0.999743	1.000000	1.000000	1.000000	1.000000	1.000000	1.000000	1.000000	1.000000	1.000000	1.000000	1.000000	0.999996	0.999993	0.999990	0.999988	0.999988	0.999988	0.999990	0.999993	0.999996	1.000000	1.000000	1.000000	1.000000	1.000000	1.000000
48	1.000000	1.000000	1.000000	1.000000	1.000000	1.000000	0.960421	0.920768	0.881304	0.843072	0.808510	0.782044	0.769728	0.775756	0.795437	0.822162	0.850862	0.878373	0.902948	0.923785	0.940490	0.953571	0.963746	0.971657	0.977820	0.982631	0.986394	0.989344	0.991661	0.993484	0.994924	0.996065	0.996976	0.997710	0.998311	0.998812	0.999245	0.999633	1.000000	1.000000	1.000000	1.000000	1.000000	1.000000	1.000000	1.000000	1.000000	1.000000	1.000000	0.999997	0.999995	0.999993	0.999991	0.999991	0.999991	0.999993	0.999995	0.999997	1.000000	1.000000	1.000000	1.000000	1.000000	1.000000
49	1.000000	1.000000	1.000000	1.000000	1.000000	1.000000	0.954167	0.907421	0.859156	0.809632	0.761133	0.720064	0.699032	0.711949	0.744330	0.782958	0.820761	0.854727	0.883859	0.908061	0.927629	0.943185	0.955443	0.965064	0.972607	0.978520	0.983158	0.986801	0.989666	0.991923	0.993706	0.995120	0.996249	0.997160	0.997904	0.998526	0.999063	0.999545	1.000000	1.000000	1.000000	1.000000	1.000000	1.000000	1.000000	1.000000	1.000000	1.000000	1.000000	0.999998	0.999996	0.999995	0.999994	0.999993	0.999994	0.999995	0.999996	0.999998	1.000000	1.000000	1.000000	1.000000	1.000000	1.000000
50	1.000000	1.000000	1.000000	1.000000	1.000000	1.000000	0.948824	0.895592	0.838270	0.775166	0.706325	0.638046	0.594389	0.628678	0.686976	0.744580	0.794496	0.835917	0.869700	0.896971	0.918782	0.936097	0.949776	0.960550	0.969023	0.975683	0.980918	0.985036	0.988278	0.990835	0.992856	0.994460	0.995742	0.996775	0.997620	0.998326	0.998936	0.999483	1.000000	1.000000	1.000000	1.000000	1.000000	1.000000	1.000000	1.000000	1.000000	1.000000	1.000000	0.999999	0.999997	0.999996	0.999995	0.999995	0.999995	0.999996	0.999997	0.999999	1.000000	1.000000	1.000000	1.000000	1.000000	1.000000
51	1.000000	1.000000	1.000000	1.000000	1.000000	1.000000	0.945538	0.887855	0.823164	0.746436	0.650955	0.531408	0.411799	0.521399	0.630315	0.713890	0.776725	0.824744	0.862054	0.891341	0.914429	0.932646	0.947014	0.958336	0.967252	0.974271	0.979796	0.984147	0.987576	0.990282	0.992423	0.994124	0.995482	0.996578	0.997474	0.998224	0.998870	0.999451	1.000000	1.000000	1.000000	1.000000	1.000000	1.000000	1.000000	1.000000	1.000000	1.000000	1.000000	0.999999	0.999998	0.999997	0.999997	0.999996	0.999997	0.999997	0.999998	0.999999	1.000000	1.000000	1.000000	1.000000	1.000000	1.000000
52	1.000000	1.000000	1.000000	1.000000	1.000000	1.000000	0.945474	0.887127	0.820093	0.736461	0.619650	0.424830	0.000000	0.414805	0.598996	0.703939	0.773772	0.824280	0.862432	0.891909	0.914946	0.933046	0.947298	0.958528	0.967379	0.974353	0.979848	0.984180	0.987597	0.990295	0.992431	0.994129	0.995485	0.996580	0.997475	0.998225	0.998871	0.999451	1.000000	1.000000	1.000000	1.000000	1.000000	1.000000	1.000000	1.000000	1.000000	1.000000	1.000000	0.999999	0.999999	0.999998	0.999998	0.999997	0.999998	0.999998	0.999999	0.999999	1.000000	1.000000	1.000000	1.000000	1.000000	1.000000
53	1.000000	1.000000	1.000000	1.000000	1.000000	1.000000	0.949229	0.895084	0.833622	0.759665	0.666354	0.548264	0.429332	0.538826	0.646922	0.729100	0.790142	0.836171	0.871484	0.898919	0.920400	0.937292	0.950603	0.961101	0.969381	0.975913	0.981064	0.985128	0.988336	0.990871	0.992879	0.994474	0.995750	0.996780	0.997623	0.998328	0.998937	0.999483	1.000000	1.000000	1.000000	1.000000	1.000000	1.000000	1.000000	1.000000	1.000000	1.000000	1.000000	0.999999	0.999999	0.999999	0.999998	0.999998	0.999998	0.999999	0.999999	0.999999	1.000000	1.000000	1.000000	1.000000	1.000000	1.000000
54	1.000000	1.000000	1.000000	1.000000	1.000000	1.000000	0.956360	0.910358	0.859647	0.802224	0.737837	0.672539	0.630237	0.664244	0.720768	0.775397	0.821526	0.858779	0.888414	0.911882	0.930443	0.945120	0.956722	0.965891	0.973133	0.978853	0.983367	0.986932	0.989747	0.991974	0.993737	0.995140	0.996262	0.997167	0.997909	0.998529	0.999064	0.999545	1.000000	1.000000	1.000000	1.000000	1.000000	1.000000	1.000000	1.000000	1.000000	1.000000	1.000000	1.000000	0.999999	0.999999	0.999999	0.999999	0.999999	0.999999	0.999999	1.000000	1.000000	1.000000	1.000000	1.000000	1.000000	1.000000
55	1.000000	1.000000	1.000000	1.000000	1.000000	1.000000	0.965854	0.930340	0.892382	0.851746	0.810232	0.773817	0.754832	0.767146	0.796509	0.830194	0.861787	0.889003	0.911512	0.929751	0.944371	0.956022	0.965274	0.972607	0.978409	0.982996	0.986621	0.989485	0.991748	0.993539	0.994958	0.996086	0.996989	0.997718	0.998316	0.998815	0.999246	0.999634	1.000000	1.000000	1.000000	1.000000	1.000000	1.000000	1.000000	1.000000	1.000000	1.000000	1.000000	1.000000	0.999999	0.999999	0.999999	0.999999	0.999999	0.999999	0.999999	1.000000	1.000000	1.000000	1.000000	1.000000	1.000000	1.000000
56	1.000000	1.000000	1.000000	1.000000	1.000000	1.000000	0.976714	0.952768	0.927796	0.902148	0.877526	0.857665	0.848130	0.852998	0.867928	0.887081	0.906427	0.923932	0.938881	0.951239	0.961269	0.969322	0.975747	0.980852	0.984900	0.988103	0.990636	0.992639	0.994222	0.995475	0.996468	0.997259	0.997891	0.998402	0.998820	0.999170	0.999472	0.999743	1.000000	1.000000	1.000000	1.000000	1.000000	1.000000	1.000000	1.000000	1.000000	1.000000	1.000000	1.000000	1.000000	1.000000	0.999999	0.999999	0.999999	1.000000	1.000000	1.000000	1.000000	1.000000	1.000000	1.000000	1.000000	1.000000
57	1.000000	1.000000	1.000000	1.000000	1.000000	1.000000	0.988234	0.976222	0.963885	0.951523	0.940059	0.931188	0.927026	0.928787	0.935123	0.943778	0.952906	0.961419	0.968839	0.975055	0.980144	0.984251	0.987539	0.990156	0.992234	0.993880	0.995182	0.996212	0.997026	0.997671	0.998182	0.998589	0.998914	0.999177	0.999392	0.999573	0.999728	0.999868	1.000000	1.000000	1.000000	1.000000	1.000000	1.000000	1.000000	1.000000	1.000000	1.000000	1.000000	1.000000	1.000000	1.000000	1.000000	1.000000	1.000000	1.000000	1.000000	1.000000	1.000000	1.000000	1.000000	1.000000	1.000000	1.000000
58	1.000000	1.000000	1.000000	1.000000	1.000000	1.000000	1.000000	1.000000	1.000000	1.000000	1.000000	1.000000	1.000000	1.000000	1.000000	1.000000	1.000000	1.000000	1.000000	1.000000	1.000000	1.000000	1.000000	1.000000	1.000000	1.000000	1.000000	1.000000	1.000000	1.000000	1.000000	1.000000	1.000000	1.000000	1.000000	1.000000	1.000000	1.000000	1.000000	1.000000	1.000000	1.000000	1.000000	1.000000	1.000000	1.000000	1.000000	1.000000	1.000000	1.000000	1.000000	1.000000	1.000000	1.000000	1.000000	1.000000	1.000000	1.000000	1.000000	1.000000	1.000000	1.000000	1.000000	1.000000
59	1.000000	1.000000	1.000000	1.000000	1.000000	1.000000	1.000000	1.000000	1.000000	1.000000	1.000000	1.000000	1.000000	1.000000	1.000000	1.000000	1.000000	1.000000	1.000000	1.000000	1.000000	1.000000	1.000000	1.000000	1.000000	1.000000	1.000000	1.000000	1.000000	1.000000	1.000000	1.000000	1.000000	1.000000	1.000000	1.000000	1.000000	1.000000	1.000000	1.000000	1.000000	1.000000	1.000000	1.000000	1.000000	1.000000	1.000000	1.000000	1.000000	1.000000	1.000000	1.000000	1.000000	1.000000	1.000000	1.000000	1.000000	1.000000	1.000000	1.000000	1.000000	1.000000	1.000000	1.000000
60	1.000000	1.000000	1.000000	1.000000	1.000000	1.000000	1.000000	1.000000	1.000000	1.000000	1.000000	1.000000	1.000000	1.000000	1.000000	1.000000	1.000000	1.000000	1.000000	1.000000	1.000000	1.000000	1.000000	1.000000	1.000000	1.000000	1.000000	1.000000	1.000000	1.000000	1.000000	1.000000	1.000000	1.000000	1.000000	1.000000	1.000000	1.000000	1.000000	1.000000	1.000000	1.000000	1.000000	1.000000	1.000000	1.000000	1.000000	1.000000	1.000000	1.000000	1.000000	1.000000	1.000000	1.000000	1.000000	1.000000	1.000000	1.000000	1.000000	1.000000	1.000000	1.000000	1.000000	1.000000
61	1.000000	1.000000	1.000000	1.000000	1.000000	1.000000	1.000000	1.000000	1.000000	1.000000	1.000000	1.000000	1.000000	1.000000	1.000000	1.000000	1.000000	1.000000	1.000000	1.000000	1.000000	1.000000	1.000000	1.000000	1.000000	1.000000	1.000000	1.000000	1.000000	1.000000	1.000000	1.000000	1.000000	1.000000	1.000000	1.000000	1.000000	1.000000	1.000000	1.000000	1.000000	1.000000	1.000000	1.000000	1.000000	1.000000	1.000000	1.000000	1.000000	1.000000	1.000000	1.000000	1.000000	1.000000	1.000000	1.000000	1.000000	1.000000	1.000000	1.000000	1.000000	1.000000	1.000000	1.000000
62	1.000000	1.000000	1.000000	1.000000	1.000000	1.000000	1.000000	1.000000	1.000000	1.000000	1.000000	1.000000	1.000000	1.000000	1.000000	1.000000	1.000000	1.000000	1.000000	1.000000	1.000000	1.000000	1.000000	1.000000	1.000000	1.000000	1.000000	1.000000	1.000000	1.000000	1.000000	1.000000	1.000000	1.000000	1.000000	1.000000	1.000000	1.000000	1.000000	1.000000	1.000000	1.000000	1.000000	1.000000	1.000000	1.000000	1.000000	1.000000	1.000000	1.000000	1.000000	1.000000	1.000000	1.000000	1.000000	1.000000	1.000000	1.000000	1.000000	1.000000	1.000000	1.000000	1.000000	1.000000
63	1.000000	1.000000	1.000000	1.000000	1.000000	1.000000	1.000000	1.000000	1.000000	1.000000	1.000000	1.000000	1.000000	1.000000	1.000000	1.000000	1.000000	1.000000	1.000000	1.000000	1.000000	1.000000	1.000000	1.000000	1.000000	1.000000	1.000000	1.000000	1.000000	1.000000	1.000000	1.000000	1.000000	1.000000	1.000000	1.000000	1.000000	1.000000	1.000000	1.000000	1.000000	1.000000	1.000000	1.000000	1.000000	1.000000	1.000000	1.000000	1.000000	1.000000	1.000000	1.000000	1.000000	1.000000	1.000000	1.000000	1.000000	1.000000	1.000000	1.000000	1.000000	1.000000	1.000000	1.000000