time	x	y	L0	L1	R0	R1
0	0.000000	0.300000	1.439897	-2.617994	-1.439897	2.617994
10	0.000000	0.300000	1.416606	-2.612080	-1.416606	2.612080
20	0.000000	0.300000	1.317844	-2.591215	-1.317844	2.591215
30	-0.000000	0.300000	1.192991	-2.568257	-1.192991	2.568257
40	-0.000000	0.300000	1.064227	-2.546437	-1.064227	2.546437
50	-0.000000	0.300000	0.939084	-2.526481	-0.939084	2.526481
60	-0.000000	0.300000	0.819858	-2.509064	-0.819934	2.507842
70	-0.000000	0.300000	0.705778	-2.496778	-0.707228	2.486958
80	-0.000000	0.300000	0.595312	-2.484620	-0.600016	2.466482
90	-0.000000	0.300000	0.497745	-2.463027	-0.498991	2.463976
100	-0.000000	0.300000	0.411361	-2.446073	-0.404589	2.464351
110	-0.000000	0.300000	0.330132	-2.434096	-0.315942	2.461811
120	-0.000000	0.300000	0.251197	-2.425053	-0.232288	2.455745
130	-0.000000	0.300000	0.175387	-2.418144	-0.153804	2.449540
140	-0.000000	0.300000	0.103453	-2.413035	-0.080261	2.444626
150	-0.000000	0.300000	0.035565	-2.409472	-0.011363	2.441192
160	-0.000000	0.300000	-0.028349	-2.407230	0.053103	2.439108
170	-0.000000	0.300000	-0.088444	-2.406105	0.113295	2.438154
180	0.000000	0.300000	-0.144905	-2.405906	0.169356	2.438077
190	0.000000	0.300000	-0.197911	-2.406456	0.221434	2.438636
200	0.000000	0.300000	-0.247636	-2.407595	0.269693	2.439600
210	0.000000	0.300000	-0.294244	-2.409177	0.314322	2.440741
220	0.000000	0.300000	-0.337889	-2.411071	0.355528	2.441866
230	0.000000	0.300000	-0.378722	-2.413164	0.393536	2.442825
240	0.000000	0.300000	-0.416888	-2.415357	0.428580	2.443511
250	0.000000	0.300000	-0.452531	-2.417587	0.460898	2.443862
260	0.000000	0.300000	-0.485794	-2.419815	0.490719	2.443858
270	0.000000	0.300000	-0.516818	-2.421984	0.518265	2.443502
280	0.000000	0.300000	-0.545738	-2.424041	0.543743	2.442807
290	0.000000	0.300000	-0.572686	-2.425942	0.567347	2.441800
300	0.000000	0.300000	-0.597784	-2.427655	0.589249	2.440514
310	0.000000	0.300000	-0.621152	-2.429158	0.609608	2.438986
320	0.000000	0.300000	-0.642905	-2.430437	0.628566	2.437253
330	0.000000	0.300000	-0.663151	-2.431485	0.646247	2.435350
340	0.000000	0.300000	-0.681994	-2.432301	0.662763	2.433309
350	0.000000	0.300000	-0.699529	-2.432887	0.678216	2.431162
360	0.000000	0.300000	-0.715849	-2.433250	0.692693	2.428934
370	0.000000	0.300000	-0.731039	-2.433356	0.706260	2.426677
380	0.000000	0.300000	-0.745162	-2.433163	0.718978	2.424463
390	0.000000	0.300000	-0.758260	-2.432712	0.730928	2.422336
400	0.000000	0.300000	-0.770383	-2.432046	0.742192	2.420325
410	0.000000	0.300000	-0.781589	-2.431181	0.752840	2.418442
420	0.000000	0.300000	-0.791938	-2.430125	0.762931	2.416688
430	0.000000	0.300000	-0.801488	-2.428889	0.772514	2.415059
440	0.000000	0.300000	-0.810301	-2.427485	0.781629	2.413541
450	0.000000	0.300000	-0.818433	-2.425925	0.790308	2.412120
460	0.000000	0.300000	-0.825943	-2.424227	0.798576	2.410779
470	0.000000	0.300000	-0.832883	-2.422407	0.806454	2.409501
480	0.000000	0.300000	-0.839305	-2.420483	0.813960	2.408271
490	0.000000	0.300000	-0.845256	-2.418471	0.821107	2.407074
500	0.000000	0.300000	-0.850779	-2.416390	0.827910	2.405898
510	0.000000	0.300000	-0.855915	-2.414257	0.834380	2.404731
520	0.000000	0.300000	-0.860699	-2.412086	0.840527	2.403564
530	0.000000	0.300000	-0.865164	-2.409893	0.846365	2.402391
540	0.000000	0.300000	-0.869341	-2.407689	0.851901	2.401207
550	0.000000	0.300000	-0.873255	-2.405488	0.857149	2.400007
560	0.000000	0.300000	-0.876930	-2.403298	0.862117	2.398789
570	0.000000	0.300000	-0.880387	-2.401130	0.866817	2.397553
580	0.000000	0.300000	-0.883645	-2.398990	0.871261	2.396298
590	0.000000	0.300000	-0.886721	-2.396884	0.875458	2.395025
600	0.000000	0.300000	-0.889630	-2.394818	0.879420	2.393734
610	0.000000	0.300000	-0.892383	-2.392797	0.883157	2.392427
620	0.000000	0.300000	-0.894990	-2.390828	0.886681	2.391107
630	0.000000	0.300000	-0.897463	-2.388914	0.890002	2.389775
640	0.000000	0.300000	-0.899809	-2.387054	0.893130	2.388434
650	0.000000	0.300000	-0.902039	-2.385249	0.896075	2.387087
660	0.000000	0.300000	-0.904160	-2.383500	0.898848	2.385735
670	0.000000	0.300000	-0.906179	-2.381804	0.901457	2.384381
680	0.000000	0.300000	-0.908104	-2.380163	0.903912	2.383028
690	0.000000	0.300000	-0.909948	-2.378556	0.906189	2.381811
700	0.000000	0.300000	-0.911714	-2.376978	0.908265	2.381004
710	0.000000	0.300000	-0.913395	-2.375428	0.910216	2.380628
720	0.000000	0.300000	-0.914991	-2.373905	0.912144	2.380617
730	0.000000	0.300000	-0.916510	-2.372414	0.914136	2.380884
740	0.000000	0.300000	-0.917960	-2.370967	0.916254	2.381325
750	0.000000	0.300000	-0.919353	-2.369580	0.918525	2.381831
760	0.000000	0.300000	-0.920698	-2.368271	0.920943	2.382295
770	0.000000	0.300000	-0.921989	-2.367049	0.923472	2.382620
780	0.000000	0.300000	-0.923212	-2.365909	0.926054	2.382731
790	0.000000	0.300000	-0.924363	-2.364843	0.928622	2.382580
800	0.000000	0.300000	-0.925444	-2.363846	0.931105	2.382145
810	0.000000	0.300000	-0.926456	-2.362912	0.933438	2.381431
820	0.000000	0.300000	-0.927404	-2.362037	0.935568	2.380463
830	0.000000	0.300000	-0.928290	-2.361218	0.937460	2.379280
840	0.000000	0.300000	-0.929118	-2.360450	0.939092	2.377932
850	0.000000	0.300000	-0.929893	-2.359731	0.940404	2.376470
860	0.000000	0.300000	-0.930617	-2.359057	0.941079	2.374945
870	0.000000	0.300000	-0.931295	-2.358425	0.941372	2.373410
880	0.000000	0.300000	-0.931928	-2.357833	0.941482	2.371911
890	0.000000	0.300000	-0.932519	-2.357278	0.941505	2.370477
900	0.000000	0.300000	-0.933072	-2.356758	0.941488	2.369118
910	0.000000	0.300000	-0.933590	-2.356270	0.941454	2.367838
920	0.000000	0.300000	-0.934073	-2.355814	0.941413	2.366635
930	0.000000	0.300000	-0.934525	-2.355386	0.941371	2.365508
